datum,kumulativni_pocet_nakazenych,kumulativni_pocet_vylecenych,kumulativni_pocet_umrti,kumulativni_pocet_testu,kumulativni_pocet_ag_testu,prirustkovy_pocet_nakazenych,prirustkovy_pocet_vylecenych,prirustkovy_pocet_umrti,prirustkovy_pocet_provedenych_testu,prirustkovy_pocet_provedenych_ag_testu
2021-01-01,735737,639404,12120,3820852,857277,3446,12256,152,6585,5066
2021-01-02,740723,650546,12272,3834301,872806,4986,11142,152,13449,15529
2021-01-03,746992,652634,12413,3849623,887141,6269,2088,141,15322,14335
2021-01-04,759951,655024,12563,3884800,942788,12959,2390,150,35177,55647
2021-01-05,777358,658825,12743,3928818,977910,17407,3801,180,44018,35122
2021-01-06,795133,663749,12902,3967867,1007808,17775,4924,159,39049,29898
2021-01-07,810018,678247,13088,4006841,1036089,14885,14498,186,38974,28281
2021-01-08,823121,694170,13284,4045604,1067006,13103,15923,196,38763,30917
2021-01-09,831564,710350,13445,4066685,1081369,8443,16180,161,21081,14363
2021-01-10,835879,719072,13629,4079002,1093923,4315,8722,184,12317,12554
2021-01-11,845265,721140,13793,4113003,1144123,9386,2068,164,34001,50200
2021-01-12,856078,728054,13970,4149363,1174461,10813,6914,177,36360,30338
2021-01-13,867005,734366,14134,4181735,1202653,10927,6312,164,32372,28192
2021-01-14,875111,752403,14313,4212037,1228860,8106,18037,179,30302,26207
2021-01-15,884414,769803,14477,4243235,1257851,9303,17400,164,31198,28991
2021-01-16,889657,784713,14631,4260626,1267813,5243,14910,154,17391,9962
2021-01-17,892301,797987,14787,4269463,1276611,2644,13274,156,8837,8798
2021-01-18,899974,810717,14947,4299276,1318453,7673,12730,160,29813,41842
2021-01-19,909587,816089,15103,4331074,1342162,9613,5372,156,31798,23709
2021-01-20,917811,820444,15250,4359822,1364756,8224,4355,147,28748,22594
2021-01-21,925346,832715,15401,4384967,1388047,7535,12271,151,25145,23291
2021-01-22,933815,843253,15536,4415367,1416447,8469,10538,135,30400,28400
2021-01-23,938055,852857,15679,4429503,1428903,4240,9604,143,14136,12456
2021-01-24,940455,860873,15823,4437396,1438965,2400,8016,144,7893,10062
2021-01-25,947432,869595,15962,4464666,1486354,6977,8722,139,27270,47389
2021-01-26,956628,873307,16104,4494116,1514564,9196,3712,142,29450,28210
2021-01-27,965134,876086,16264,4524605,1543348,8506,2779,160,30489,28784
2021-01-28,973146,885762,16399,4550425,1571629,8012,9676,135,25820,28281
2021-01-29,981199,894679,16551,4581757,1603041,8053,8917,152,31332,31412
2021-01-30,985257,902564,16676,4596186,1619591,4058,7885,125,14429,16550
2021-01-31,987832,909531,16796,4603825,1634434,2575,6967,120,7639,14843
2021-02-01,995059,917178,16929,4631328,1689573,7227,7647,133,27503,55139
2021-02-02,1004212,920373,17064,4661320,1723375,9153,3195,135,29992,33802
2021-02-03,1013879,923054,17201,4693118,1756478,9667,2681,137,31798,33103
2021-02-04,1021989,932875,17329,4720866,1790279,8110,9821,128,27748,33801
2021-02-05,1030617,941822,17456,4752064,1826759,8628,8947,127,31198,36480
2021-02-06,1035437,949516,17583,4766963,1843951,4820,7694,127,14899,17192
2021-02-07,1037888,956418,17714,4774783,1860692,2451,6902,131,7820,16741
2021-02-08,1045666,964169,17852,4800390,1916230,7778,7751,138,25607,55538
2021-02-09,1055950,967104,17985,4831766,1953160,10284,2935,133,31376,36930
2021-02-10,1065493,969750,18119,4861695,1988347,9543,2646,134,29929,35187
2021-02-11,1074513,979553,18248,4889936,2023784,9020,9803,129,28241,35437
2021-02-12,1083344,988574,18392,4920999,2064480,8831,9021,144,31063,40696
2021-02-13,1088487,996960,18509,4937458,2083969,5143,8386,117,16459,19489
2021-02-14,1091368,1004585,18658,4945848,2104506,2881,7625,149,8390,20537
2021-02-15,1100275,1013028,18788,4974980,2168198,8907,8443,130,29132,63692
2021-02-16,1112885,1016161,18937,5009521,2212745,12610,3133,149,34541,44547
2021-02-17,1123828,1018844,19069,5042304,2256304,10943,2683,132,32783,43559
2021-02-18,1135535,1029257,19242,5076381,2301476,11707,10413,173,34077,45172
2021-02-19,1146822,1038796,19424,5113890,2350474,11287,9539,182,37509,48998
2021-02-20,1153598,1047923,19600,5132697,2371704,6776,9127,176,18807,21230
2021-02-21,1157669,1056138,19747,5142273,2397195,4071,8215,147,9576,25491
2021-02-22,1169088,1065197,19913,5176176,2472444,11419,9059,166,33903,75249
2021-02-23,1184936,1068672,20061,5217090,2528587,15848,3475,148,40914,56143
2021-02-24,1198737,1071782,20204,5257270,2585579,13801,3110,143,40180,56992
2021-02-25,1213328,1083904,20386,5297038,2643549,14591,12122,182,39768,57970
2021-02-26,1228111,1094961,20578,5338907,2704447,14783,11057,192,41869,60898
2021-02-27,1235973,1105933,20770,5361973,2731688,7862,10972,192,23066,27241
2021-02-28,1240566,1116567,20953,5373679,2760126,4593,10634,183,11706,28438
2021-03-01,1252890,1128037,21157,5408788,2852668,12324,11470,204,35109,92542
2021-03-02,1269676,1132734,21348,5453357,2924258,16786,4697,191,44569,71590
2021-03-03,1284917,1136733,21549,5494505,3000293,15241,3999,201,41148,76035
2021-03-04,1299568,1152160,21766,5534360,3091623,14651,15427,217,39855,91330
2021-03-05,1312738,1166976,21951,5577155,3188258,13170,14816,185,42795,96635
2021-03-06,1321868,1180918,22158,5599161,3224577,9130,13942,207,22006,36319
2021-03-07,1325852,1193876,22360,5610257,3260450,3984,12958,202,11096,35873
2021-03-08,1336507,1206959,22596,5643061,3432985,10655,13083,236,32804,172535
2021-03-09,1351868,1212346,22824,5682831,3603799,15361,5387,228,39770,170814
2021-03-10,1366408,1217129,23052,5723809,3779006,14540,4783,228,40978,175207
2021-03-11,1377655,1217838,23281,5759088,3968620,11247,709,229,35279,189614
2021-03-12,1392632,1218601,23492,5798844,4129269,14977,763,211,39756,160649
2021-03-13,1399663,1218932,23670,5816679,4180225,7031,331,178,17835,50956
2021-03-14,1402996,1219210,23898,5824954,4232514,3333,278,228,8275,52289
2021-03-15,1413627,1236249,24135,5858429,4466128,10631,17039,237,33475,233614
2021-03-16,1427654,1251727,24353,5895793,4666836,14027,15478,218,37364,200708
2021-03-17,1439683,1266382,24551,5930132,4860284,12029,14655,198,34339,193448
2021-03-18,1450345,1280151,24764,5960977,5054664,10662,13769,213,30845,194380
2021-03-19,1460060,1293632,24938,5993066,5211326,9715,13481,174,32089,156662
2021-03-20,1465527,1298562,25120,6010170,5259523,5467,4930,182,17104,48197
2021-03-21,1467918,1302551,25311,6018122,5311582,2391,3989,191,7952,52059
2021-03-22,1476160,1318425,25518,6047718,5563016,8242,15874,207,29596,251434
2021-03-23,1487130,1333137,25711,6081260,5784383,10970,14712,193,33542,221367
2021-03-24,1495983,1346384,25893,6109474,5993686,8853,13247,182,28214,209303
2021-03-25,1503913,1358837,26052,6137204,6197749,7930,12453,159,27730,204063
2021-03-26,1511628,1371106,26207,6164306,6356040,7715,12269,155,27102,158291
2021-03-27,1515598,1375347,26387,6176932,6395969,3970,4241,180,12626,39929
2021-03-28,1517342,1378685,26504,6183241,6440514,1744,3338,117,6309,44545
2021-03-29,1524279,1393208,26683,6210240,6704610,6937,14523,179,26999,264096
2021-03-30,1532913,1405878,26852,6239206,6928327,8634,12670,169,28966,223717
2021-03-31,1540180,1416894,27005,6265212,7141229,7267,11016,153,26006,212902
2021-04-01,1546427,1426636,27157,6290045,7388485,6247,9742,152,24833,247256
2021-04-02,1550263,1435996,27261,6304671,7438833,3836,9360,104,14626,50348
2021-04-03,1552423,1438960,27385,6313044,7475829,2160,2964,124,8373,36996
2021-04-04,1554349,1441501,27531,6320139,7511745,1926,2541,146,7095,35916
2021-04-05,1555768,1452603,27653,6327736,7566687,1419,11102,122,7597,54942
2021-04-06,1561355,1462342,27767,6353418,7957338,5587,9739,114,25682,390651
2021-04-07,1568409,1471003,27889,6381212,8214281,7054,8661,122,27794,256943
2021-04-08,1573692,1478140,28010,6403552,8441999,5283,7137,121,22340,227718
2021-04-09,1578513,1485667,28115,6426275,8599520,4821,7527,105,22723,157521
2021-04-10,1580720,1487999,28224,6437395,8641514,2207,2332,109,11120,41994
2021-04-11,1581705,1489980,28317,6443258,8695239,985,1981,93,5863,53725
2021-04-12,1585572,1499525,28401,6464770,8978313,3867,9545,84,21512,283074
2021-04-13,1590627,1507184,28492,6489041,9231821,5055,7659,91,24271,253508
2021-04-14,1594343,1513851,28582,6510057,9457368,3716,6667,90,21016,225547
2021-04-15,1597607,1519969,28669,6527539,9678439,3264,6118,87,17482,221071
2021-04-16,1600825,1522448,28734,6546725,9821751,3218,2479,65,19186,143312
2021-04-17,1602366,1524510,28808,6556481,9862645,1541,2062,74,9756,40894
2021-04-18,1603199,1526252,28886,6562670,9921876,833,1742,78,6189,59231
2021-04-19,1606541,1527781,28958,6584274,10211251,3342,1529,72,21604,289375
2021-04-20,1610358,1535556,29021,6606568,10461134,3817,7775,63,22294,249883
2021-04-21,1613309,1541838,29085,6625785,10684941,2951,6282,64,19217,223807
2021-04-22,1615938,1546449,29141,6643941,10908676,2629,4611,56,18156,223735
2021-04-23,1618539,1550644,29194,6662165,11060230,2601,4195,53,18224,151554
2021-04-24,1619847,1552074,29250,6671386,11106040,1308,1430,56,9221,45810
2021-04-25,1620672,1553239,29303,6676785,11160644,825,1165,53,5399,54604
2021-04-26,1623252,1558820,29360,6697710,11452470,2580,5581,57,20925,291826
2021-04-27,1626491,1562952,29410,6717804,11702308,3239,4132,50,20094,249838
2021-04-28,1628979,1566522,29477,6737550,11930069,2488,3570,67,19746,227761
2021-04-29,1631208,1569554,29520,6756453,12161664,2229,3032,43,18903,231595
2021-04-30,1633375,1572582,29570,6775821,12314876,2167,3028,50,19368,153212
2021-05-01,1634546,1573597,29603,6786148,12349522,1171,1015,33,10327,34646
2021-05-02,1635054,1574389,29638,6791928,12418486,508,792,35,5780,68964
2021-05-03,1637273,1578894,29675,6811617,12748326,2219,4505,37,19689,329840
2021-05-04,1639688,1582149,29719,6831376,13019775,2415,3255,44,19759,271449
2021-05-05,1641561,1584904,29756,6848058,13259080,1873,2755,37,16682,239305
2021-05-06,1643133,1587498,29797,6863976,13494355,1572,2594,41,15918,235275
2021-05-07,1644771,1590232,29826,6881959,13651351,1638,2734,29,17983,156996
2021-05-08,1645496,1591074,29858,6894096,13688939,725,842,32,12137,37588
2021-05-09,1645880,1591710,29893,6899978,13756628,384,636,35,5882,67689
2021-05-10,1647425,1595505,29926,6922203,14092139,1545,3795,33,22225,335511
2021-05-11,1649115,1598169,29959,6939662,14355819,1690,2664,33,17459,263680
2021-05-12,1650379,1600550,29992,6954932,14590688,1264,2381,33,15270,234869
2021-05-13,1651602,1602650,30015,6969246,14831921,1223,2100,23,14314,241233
2021-05-14,1652653,1604795,30033,6986635,14992136,1051,2145,18,17389,160215
2021-05-15,1653250,1605452,30050,7001702,15030903,597,657,17,15067,38767
2021-05-16,1653507,1606022,30064,7008820,15096036,257,570,14,7118,65133
2021-05-17,1654637,1608852,30086,7045310,15459022,1130,2830,22,36490,362986
2021-05-18,1655836,1610852,30100,7069996,15737852,1199,2000,14,24686,278830
2021-05-19,1656614,1612676,30117,7095285,15985875,778,1824,17,25289,248023
2021-05-20,1657291,1614181,30134,7114624,16243288,677,1505,17,19339,257413
2021-05-21,1657962,1615730,30146,7142305,16434028,671,1549,12,27681,190740
2021-05-22,1658296,1616126,30157,7152205,16480819,334,396,11,9900,46791
2021-05-23,1658493,1616505,30169,7156669,16547670,197,379,12,4464,66851
2021-05-24,1659190,1618593,30176,7186960,16883658,697,2088,7,30291,335988
2021-05-25,1659851,1620071,30184,7208337,17125886,661,1478,8,21377,242228
2021-05-26,1660389,1621360,30194,7230150,17334755,538,1289,10,21813,208869
2021-05-27,1660895,1622430,30209,7247466,17552801,506,1070,15,17316,218046
2021-05-28,1661348,1623505,30216,7269440,17725929,453,1075,7,21974,173128
2021-05-29,1661570,1623866,30222,7278408,17772110,222,361,6,8968,46181
2021-05-30,1661682,1624171,30226,7282911,17831774,112,305,4,4503,59664
2021-05-31,1662194,1625594,30236,7311282,18140049,512,1423,10,28371,308275
2021-06-01,1662673,1626600,30242,7337028,18349599,479,1006,6,25746,209550
2021-06-02,1663024,1627326,30247,7363300,18533579,351,726,5,26272,183980
2021-06-03,1663447,1627968,30250,7389486,18731620,423,642,3,26186,198041
2021-06-04,1663766,1628647,30257,7416119,18888979,319,679,7,26633,157359
2021-06-05,1663918,1628873,30260,7428181,18926712,152,226,3,12062,37733
2021-06-06,1664015,1629043,30264,7434113,18975329,97,170,4,5932,48617
2021-06-07,1664309,1629917,30267,7465962,19214500,294,874,3,31849,239171
2021-06-08,1664695,1630527,30273,7489524,19387404,386,610,6,23562,172904
2021-06-09,1664945,1631060,30275,7519841,19541105,250,533,2,30317,153701
2021-06-10,1665135,1631526,30281,7540543,19711375,190,466,6,20702,170270
2021-06-11,1665314,1631928,30283,7568534,19858185,179,402,2,27991,146810
2021-06-12,1665387,1632083,30286,7580829,19893781,73,155,3,12295,35596
2021-06-13,1665428,1632197,30288,7587372,19935461,41,114,2,6543,41680
2021-06-14,1665603,1632859,30288,7621151,20142480,175,662,0,33779,207019
2021-06-15,1665809,1633296,30292,7648762,20297112,206,437,4,27611,154632
2021-06-16,1665937,1633652,30293,7679614,20438123,128,356,1,30852,141011
2021-06-17,1666094,1633944,30297,7708254,20605898,157,292,4,28640,167775
2021-06-18,1666236,1634229,30300,7745474,20744706,142,285,3,37220,138808
2021-06-19,1666299,1634353,30300,7758928,20779356,63,124,0,13454,34650
2021-06-20,1666356,1634429,30301,7765779,20815944,57,76,1,6851,36588
2021-06-21,1666474,1634845,30302,7796636,20992970,118,416,1,30857,177026
2021-06-22,1666586,1635115,30304,7821864,21118680,112,270,2,25228,125710
2021-06-23,1666691,1635317,30304,7845585,21242406,105,202,0,23721,123726
2021-06-24,1666787,1635494,30305,7874568,21381439,96,177,1,28983,139033
2021-06-25,1666919,1635668,30306,7902221,21496716,132,174,1,27653,115277
2021-06-26,1666986,1635703,30308,7925299,21525231,67,35,2,23078,28515
2021-06-27,1667042,1635752,30308,7932685,21557054,56,49,0,7386,31823
2021-06-28,1667190,1635982,30308,7964991,21707281,148,230,0,32306,150227
2021-06-29,1667346,1636132,30308,8008758,21797956,156,150,0,43767,90675
2021-06-30,1667482,1636150,30309,8045885,21889043,136,18,1,37127,91087
